Theta2 =

 Columns 1 through 13:

  -0.761004  -1.212445  -0.101871  -2.368501  -1.057781  -2.208236   0.563838   1.211053   2.210310   0.444562  -1.182449   1.042891  -1.605588
  -0.617852   0.615592  -1.265506   1.857454  -0.918533  -0.055026  -0.385898   1.295209  -1.568433  -0.970264  -2.183349  -2.850336  -2.077331
  -0.689341  -1.945382   2.013606  -3.123162  -0.236176   1.386809   0.909824  -1.547744  -0.798309  -0.655998   0.735383  -2.585933   0.472108
  -0.678325   0.462992   0.584923  -0.165018   1.932642  -0.229658  -1.847315   0.490118   1.071461  -3.319056   1.541135   0.373719  -0.864847
  -0.596643  -2.044818   2.056984   1.951009   0.176377  -2.161412  -0.403947   1.801575  -1.562787  -0.252530   0.235865   0.716567   1.076891
  -0.877949   0.434411  -0.931610   0.183908  -0.360782   0.619581   0.386249  -2.651503   2.297108  -2.088181  -1.863823   1.060578   0.775621
  -0.527465   1.215643  -1.500960  -2.031954  -1.523667  -2.437321  -2.375703  -1.399873  -0.887353  -0.632789   1.504502  -1.580763   0.585992
  -0.749015  -0.722491  -3.152282   0.365778   0.198114  -0.730599   1.652639  -2.300357  -1.874682   0.980954  -1.588252   1.354341   2.178953
  -0.666547   0.536018   1.303076  -1.033727  -4.030848   0.581735  -2.657179   0.803800  -1.092419   2.499101   0.362008   0.661953  -0.921605
  -0.460891  -1.439450  -1.218095   0.710930   0.452169  -0.359534   0.622850  -0.670053  -0.706914   0.063114  -1.231991  -1.746452  -2.719609

 Columns 14 through 26:

   1.304199   1.371750   1.748251  -0.233656  -1.520145   1.153242   0.103681  -0.372077  -0.615300  -0.125684  -2.271930  -0.718362  -1.296903
   1.631632   0.349023   1.827891  -2.441744  -0.856303  -0.298256  -2.079479  -1.293324   0.899820   0.283066   2.311805  -2.464441   1.456565
   0.553495   2.512555  -2.416745  -1.638986   1.202730  -1.202459  -1.834460  -1.880130  -0.340561   0.236925  -1.061379   1.027592  -0.476908
  -2.582735   0.970624  -0.510219  -0.684279  -1.647136   0.211531  -0.274224   1.725998   1.324187  -2.639845  -0.080559  -2.035108  -1.461238
  -0.354573  -1.677431  -0.129393  -0.674888   1.140665   1.324312   3.211585  -2.158889  -2.601641  -3.222647  -1.896129  -0.874881   2.510386
   2.134686  -1.149737  -0.520814   0.997434  -1.483094  -2.313942   0.295173  -0.387049  -2.206077   0.307022  -1.176461  -1.634630  -0.824677
  -0.775404   0.942573   2.109197   0.544791   0.437736  -1.280242  -0.043610   1.477500  -1.132769  -0.728469   0.047347   1.657457   1.685409
  -1.992398  -2.003714  -0.388613  -2.339930  -2.917191   0.993986  -2.704768  -1.271398   1.860915  -1.205194  -0.380142   0.708718  -2.110140
  -0.831237  -2.002010  -2.948975   0.645642  -1.101147   0.745103   0.585067  -1.995453   0.625911   1.805961  -0.223093  -1.404421  -2.131915
  -2.214372  -1.693075  -0.909274   0.878523   1.186648  -1.870413   0.397963   1.721139  -1.369341   0.858067  -0.247796   1.280091  -1.327520

